10000000
10011000
10010000
10010111
10000000
10010111
10000001
10010110
01000100
10010000
10010111
10000000
11111100
10010000
11111011
10000000
11111111
10010000
11111110
10000000
11111011
10000001
11111110
10000010
10010110
01001000
01001001
10010000
11111011
10010001
11111110
10000001
10010101
10000010
10010110
01001000
11000011
00111101
10000010
10011010
01001000
11000011
00111101
10000010
10010110
00111000
11000011
00111101
00111000
11000011
00111101
10000010
10011010
00111000
11000011
00111101
00111000
11000011
00111101
10000010
10010110
01001000
11000011
00111101
01001000
11000011
00111101
10010001
10011001
10000000
11111011
11000010
10000000
10010101
10000011
10010110
10100001
11110010
01001101
10100001
11110010
01001101
10100010
11110000
10100001
11110011
01001101
10100001
11110011
10110000
11110010
10100001
11110010
01001101
10100001
11110011
10110000
11110010
10000001
11111110
11010111
10110000
11110100
10000001
11111110
11010100
10000000
11111101
01000001
10100001
11110101
10110000
11101111
10000000
11111100
10010000
11111011
10000000
11111111
10010000
11111110
10000000
11111011
10000001
11111110
10000010
10010110
01001000
01001001
11000110
11010010
10010000
11111011
10010001
11111110
10000010
11111010
01001000
10100000
11110111
10110000
11110110
10000000
10010111
10100000
11111001
10110000
11111000
11110000
00000000
00000001
00000000
00000101
00000000
00000110
00000000
00000000
00000000
00000000
00000000
00000000
00000000
00000000
00000000
00000000
00000000
00000000
00000000
00000000
00000001
00000000
00000000
00000000
00000000
00000000
00000000
00000001
00000000
00000000
00000000
00000001
00000001
00000001
00000000
00000000
00000000
00000000
00000000
00000000
00000000
00000000
00000000
00000000
00000000
00000000
00000000
00000000
00000000
00000000
00000000
00000000
00000000
00000000
00000000
00000000
00000000
00000000
00000000
00000000
00000000
00000000
00000000
00000000
00000000
00000000
00000000
00000000
00000000
00000000
00000000
00000000
00000000
00000000
00000000
00000000
00000000
00000000
00000000
00000000
00000000
00000000
00000000
00000000
00000000
00000000
00000000
00000000
00000000
00000000
00010011
01011011
00111001
01100111
01100010
01101010
01110001
01111001
10001110
00000100
10010100
10100001
00000000
11000101
11001100
00000000
11101111
